-2.0 -71.9996967693313
-1.8620689655172413 -59.71364408842245
-1.7241379310344827 -48.99461557878974
-1.5862068965517242 -39.728188653642945
-1.4482758620689655 -31.80419763573663
-1.3103448275862069 -25.1145093773381
-1.1724137931034484 -19.54647424900347
-1.0344827586206897 -14.993329422220938
-0.896551724137931 -11.341601908445654
-0.7586206896551724 -8.482320674578432
-0.6206896551724137 -6.305502172286027
-0.48275862068965525 -4.702082820751003
-0.3448275862068966 -3.560137890278393
-0.2068965517241379 -2.7686908762556115
-0.06896551724137945 -2.2189329941508675
0.06896551724137945 -1.799032560947218
0.2068965517241379 -1.401439563635751
0.34482758620689635 -0.9166943092852465
0.48275862068965525 -0.22904045175786297
0.6206896551724137 0.7629630353643937
0.7586206896551726 2.180112615748116
0.896551724137931 4.125835130410764
1.0344827586206895 6.71197544411605
1.1724137931034484 10.04957097765466
1.3103448275862069 14.246677465262957
1.4482758620689653 19.415596378613653
1.5862068965517242 25.66201531198033
1.7241379310344827 33.10584377160387
1.862068965517241 41.84672630610349
2.0 51.99820550402733
c
