-2.0 -72.0
-1.8620689655172413 -59.71528147935544
-1.7241379310344827 -48.99454672188281
-1.5862068965517242 -39.72758210668745
-1.4482758620689655 -31.80417401287466
-1.3103448275862069 -25.114108819549795
-1.1724137931034484 -19.5471729058182
-1.0344827586206897 -14.993152650785193
-0.896551724137931 -11.341834433556112
-0.7586206896551724 -8.483004633236295
-0.6206896551724137 -6.306449628931074
-0.48275862068965525 -4.701955799745788
-0.3448275862068966 -3.559309524785764
-0.2068965517241379 -2.7682971831563408
-0.06896551724137945 -2.2187051539628526
0.06896551724137945 -1.8003198163106315
0.2068965517241379 -1.4029275493050146
0.34482758620689635 -0.9163147320513354
0.48275862068965525 -0.23026774365492608
0.6206896551724137 0.7654270367788749
0.7586206896551726 2.18098323014474
0.896551724137931 4.126614457337325
1.0344827586206895 6.712534339251299
1.1724137931034484 10.04895649678134
1.3103448275862069 14.24609455082209
1.4482758620689653 19.414162122268227
1.5862068965517242 25.66337283201444
1.7241379310344827 33.103940300955344
1.862068965517241 41.84607814998563
2.0 52.0
c
